5000 0.0033333333333333335
6000 0.01
7000 0.016666666666666666
8000 0.02
9000 0.023333333333333334
10000 0.02666666666666667
11000 0.03333333333333333
12000 0.043333333333333335
13000 0.04666666666666667
14000 0.05333333333333334
15000 0.056666666666666664
16000 0.06
17000 0.06666666666666667
18000 0.07333333333333333
19000 0.08333333333333333
20000 0.09
21000 0.09333333333333334
22000 0.10333333333333333
23000 0.10666666666666667
24000 0.12333333333333334
25000 0.13333333333333333
26000 0.14
27000 0.14333333333333334
28000 0.15
29000 0.17
30000 0.17666666666666667
31000 0.19
32000 0.2
33000 0.20333333333333334
34000 0.21
35000 0.21333333333333335
36000 0.22333333333333333
37000 0.22666666666666666
38000 0.23333333333333334
39000 0.23666666666666666
40000 0.24333333333333335
41000 0.24666666666666667
42000 0.25
43000 0.25666666666666665
44000 0.26666666666666666
45000 0.27666666666666667
46000 0.2866666666666667
47000 0.29333333333333333
48000 0.2966666666666667
49000 0.30333333333333334
50000 0.31333333333333335
51000 0.32666666666666666
52000 0.3333333333333333
53000 0.34
54000 0.3566666666666667
55000 0.36
56000 0.37
57000 0.37666666666666665
58000 0.39
59000 0.39666666666666667
60000 0.4066666666666667
61000 0.4266666666666667
62000 0.43333333333333335
63000 0.44666666666666666
64000 0.4533333333333333
65000 0.47
66000 0.47333333333333333
67000 0.4866666666666667
68000 0.49333333333333335
69000 0.51
70000 0.5233333333333333
71000 0.5366666666666666
72000 0.5433333333333333
73000 0.5633333333333334
74000 0.58
75000 0.5866666666666667
76000 0.59
77000 0.6
78000 0.61
79000 0.6233333333333333
80000 0.6266666666666667
81000 0.6366666666666667
82000 0.6466666666666666
83000 0.65
84000 0.6566666666666666
85000 0.6633333333333333
86000 0.6666666666666666
87000 0.6766666666666666
88000 0.6833333333333333
89000 0.6866666666666666
90000 0.6966666666666667
91000 0.7
92000 0.7033333333333334
93000 0.7133333333333334
94000 0.72
95000 0.7233333333333334
96000 0.7266666666666667
97000 0.73
98000 0.7333333333333333
99000 0.7433333333333333
100000 0.75
101000 0.7633333333333333
102000 0.77
103000 0.7766666666666666
104000 0.78
105000 0.79
106000 0.8066666666666666
107000 0.8166666666666667
108000 0.8233333333333334
109000 0.83
110000 0.84
111000 0.8433333333333334
112000 0.85
113000 0.8533333333333334
114000 0.8566666666666667
115000 0.86
116000 0.8633333333333333
117000 0.87
118000 0.8733333333333333
119000 0.88
120000 0.8866666666666667
121000 0.89
122000 0.8933333333333333
123000 0.9
124000 0.9033333333333333
125000 0.91
126000 0.9166666666666666
127000 0.9266666666666666
128000 0.93
129000 0.9366666666666666
130000 0.94
131000 0.9433333333333334
132000 0.9466666666666667
133000 0.9533333333333334
134000 0.9566666666666667
135000 0.96
136000 0.9633333333333334
137000 0.9666666666666667
138000 0.97
139000 0.9733333333333334
140000 0.9766666666666667
141000 0.98
142000 0.9833333333333333
143000 0.9866666666666667
144000 0.99
145000 0.9933333333333333
146000 0.9966666666666667
147000 1.0
