   3.1185519183555164e+02	
   4.3626088899388867e+02	
   4.4435446637788232e+02	
   3.4399443925825244e+02	
   3.5125427555590636e+02	
   4.5183738621411601e+02	
   3.6423033666385805e+02	
   3.5078027632104192e+02	
   4.2194282811447067e+02	
   3.8330238942646304e+02	
   4.3692127004668123e+02	
   4.5859856438411202e+02	
   3.4631179720762248e+02	
   4.2544075421594789e+02	
   5.4090554933050237e+02	
   2.4963049942178611e+02	
   3.9165737235124544e+02	
   3.5244111688542716e+02	
   2.9323647482634397e+02	
   4.4250621634215889e+02	
   2.9964621839886581e+02	
   3.8397665970332019e+02	
   4.0602730338174786e+02	
   5.1632952657569138e+02	
   3.5779704306847793e+02	
   4.1598400097034198e+02	
   3.6536564081863185e+02	
   4.0355147999486331e+02	
   2.3467669038346784e+02	
   4.0434980822544208e+02	
   2.9836082216854112e+02	
   5.7014544706322715e+02	
   3.3097378891623686e+02	
   2.8309320205276208e+02	
   3.8234382086969867e+02	
   2.9859384659898120e+02	
   4.3874395315840820e+02	
   2.5665631535601500e+02	
   3.4247582535355355e+02	
   2.6700487299399242e+02	
   3.6401286691481232e+02	
   3.0697267126443387e+02	
   3.7898707565798890e+02	
   5.0214263359965656e+02	
   2.9546285398010428e+02	
   2.5531284879788129e+02	
   4.9646767528916536e+02	
   4.9796914074189345e+02	
   3.1789294639108203e+02	
   3.8477418525725068e+02	
   3.8330474222564897e+02	
   4.8407246735580532e+02	
   3.6780747999703641e+02	
   2.6941557470672387e+02	
   1.9781001779746197e+02	
   4.1028919440304207e+02	
   3.7408167506249549e+02	
   3.0798595078886297e+02	
   3.2624630924710380e+02	
   4.4775289219809781e+02	
   2.7117473733467051e+02	
   4.4539748447855163e+02	
   3.2267893264835521e+02	
   4.1358895313121832e+02	
   4.6860658576140611e+02	
   3.8155250744617359e+02	
   5.6317442673557821e+02	
   3.0178067894420337e+02	
   2.8630097770509747e+02	
   4.8380451777504783e+02	
   3.2135354519461396e+02	
   4.0305019199783897e+02	
   4.1096855772341792e+02	
   3.3231375269513359e+02	
   2.2696100492643802e+02	
   4.8253356899241055e+02	
   3.3564687917884220e+02	
   4.0047274282049295e+02	
   4.2560015695352024e+02	
   4.4879792867420321e+02	
   5.5680775500536845e+02	
   4.0261000659383546e+02	
   5.2165305037490293e+02	
   4.3097269942936498e+02	
   2.6196022714517687e+02	
   4.2292122399783938e+02	
   4.6714875314982646e+02	
   3.5285420594934294e+02	
   3.9997813678835303e+02	
   2.4895765932878817e+02	
   2.1319406855419362e+02	
   3.8707113466578511e+02	
   2.3438663916305842e+02	
   3.3591787827740023e+02	
   4.0289778078632293e+02	
   3.0945311080473164e+02	
   4.1775570755389049e+02	
   2.7663865215953382e+02	
   5.6801673165384523e+02	
   4.5885042912683940e+02	
