   4.1665974e+02
   5.1696227e+02
   4.5584211e+02
   3.1911413e+02
   4.5848469e+02
   3.4922222e+02
   2.7496371e+02
   4.6843593e+02
   4.2847685e+02
   4.6763771e+02
   2.8626982e+02
   4.4037585e+02
   3.8079461e+02
   4.6494871e+02
   4.0276079e+02
   4.4702271e+02
   4.5698300e+02
   3.4037934e+02
   3.2994053e+02
   3.2291498e+02
   4.1789292e+02
   4.1861099e+02
   5.6805799e+02
   3.6149314e+02
   3.9988360e+02
   3.4658299e+02
   3.8546019e+02
   2.3108973e+02
   4.0277163e+02
   3.5538007e+02
   2.9082553e+02
   3.8266522e+02
   4.5293865e+02
   3.9608801e+02
   4.0032600e+02
   3.8316680e+02
   3.8453467e+02
   4.7825852e+02
   2.6126056e+02
   3.7490636e+02
   5.1804162e+02
   3.1390877e+02
   4.1880544e+02
   2.7285853e+02
   3.8654767e+02
   3.6411812e+02
   5.0203681e+02
   3.2547035e+02
   3.9799348e+02
   3.5940983e+02
   4.6260528e+02
   3.1229162e+02
   3.8493521e+02
   1.8229615e+02
   3.7469324e+02
   4.6065611e+02
   4.6814641e+02
   4.4577005e+02
   4.9729114e+02
   4.3402497e+02
   4.3442551e+02
   3.0377016e+02
   4.4449309e+02
   4.6914183e+02
   3.6575407e+02
   3.6598479e+02
   4.3452803e+02
   3.5753382e+02
   4.3119838e+02
   3.7490636e+02
   3.4119574e+02
   3.6461725e+02
   5.1425907e+02
   3.2702144e+02
   4.9870768e+02
   3.5159352e+02
   3.4159659e+02
   3.2921016e+02
   2.5479270e+02
   3.4779955e+02
   3.0802260e+02
   3.2794197e+02
   3.9700852e+02
   3.7764010e+02
   4.5023617e+02
   3.8560122e+02
   4.6610839e+02
   4.0987849e+02
   3.6370307e+02
   5.3755633e+02
   3.3047110e+02
   5.2005038e+02
   4.9553118e+02
   3.8102272e+02
   2.9770423e+02
   3.9528014e+02
   3.8081013e+02
   3.3314207e+02
   3.8566986e+02
   3.1368143e+02
